ret_rgb: 4.054289767616623
mtx_rgb: [[505.67826787   0.         307.41061896]
 [  0.         504.96524164 228.41045615]
 [  0.           0.           1.        ]]
dist_rgb: [[ 0.09065275 -0.19687065 -0.00269132 -0.00851615  0.10967091]]
ret_ir: 4.2291490709239
mtx_ir: [[588.68280126   0.         329.04109236]
 [  0.         587.82127855 226.71072283]
 [  0.           0.           1.        ]]
dist_ir: [[-1.28153268e-01  7.59553215e-01 -2.25391972e-03  1.39870609e-04
  -1.03353509e+00]]
ret_stereo: 4.405739940059787
R: [[ 0.99934338 -0.00689674 -0.03557031]
 [ 0.00711899  0.9999559   0.00612526]
 [ 0.0355265  -0.00637447  0.9993484 ]]
T: [[-0.02353837]
 [ 0.00050249]
 [ 0.00722868]]
E: [[-3.36092933e-05 -7.23156735e-03  4.57882278e-04]
 [ 8.06017245e-03 -1.99898936e-04  2.32659087e-02]
 [-6.69726738e-04 -2.35338691e-02 -1.26305137e-04]]
F: [[-6.59501214e-08 -1.42102415e-05  3.72038504e-03]
 [ 1.58393224e-05 -3.93382966e-07  1.83406100e-02]
 [-4.34287731e-03 -2.24585465e-02  1.00000000e+00]]
